202.76729999999998
243.4924
246.1825
163.0083
362.874
237.02840000000003
257.6539
182.2371
245.808
296.2407
211.2283
349.80799999999994
297.629
244.7496
314.1346
299.2845
332.6804
120.4581
175.8632
256.51
337.2689
139.7482
296.54970000000003
124.2305
321.3091
190.94549999999998
255.12760000000003
244.68300000000002
194.5942
178.4032
254.85639999999998
252.7061
239.00820000000002
135.3222
144.9574
398.7211
279.6848
326.16
128.5366
264.3625
312.78310000000005
223.1967
316.9513
195.83800000000002
255.72410000000002
295.5975
310.6569
207.1208
299.8725
143.90970000000002
321.928
293.77410000000003
352.9367
127.4881
280.88509999999997
141.4923
317.56870000000004
246.1393
158.6255
270.7982
270.64979999999997
322.17339999999996
261.2451
182.5128
213.9018
364.31280000000004
254.3001
318.0346
153.011
349.0235
248.879
308.4032
236.7793
283.3747
176.4845
204.4196
291.82759999999996
231.7841
195.7646
290.54049999999995
317.6396
267.2545
173.0573
155.8374
291.4282
208.1715
227.639
268.47760000000005
228.9964
249.51659999999998
331.3984
215.7928
259.5711
212.7498
350.9815
348.0128
141.67489999999998
290.9902
203.03920000000002
287.72639999999996
